200
98
1
ppg-1
0.010499868
0.011539868
0.014432241
0.024293973
0.040538953
0.063456761
0.093145107
0.129490519
0.172159096
0.220598455
0.274051267
0.331579917
0.392101054
0.454428003
0.517318486
0.57952461
0.639842002
0.697154999
0.75047523
0.798971495
0.841989596
0.879061612
0.909904922
0.93441197
0.952632391
0.964749461
0.9710531
0.971911635
0.967744411
0.958997001
0.94612034
0.929554602
0.909718142
0.887001333
0.86176479
0.834341188
0.805039777
0.774152593
0.741961465
0.708744924
0.674784285
0.640368295
0.605795899
0.571376897
0.537430405
0.504281264
0.472254643
0.441669202
0.412829245
0.386016286
0.36148049
0.339432415
0.320035507
0.303399769
0.289577039
0.278558209
0.270272664
0.264590061
0.261324427
0.260240385
0.261061206
0.263478262
0.267161416
0.271769829
0.276962697
0.282409427
0.287798828
0.292846945
0.297303233
0.300954895
0.303629238
0.305194068
0.305556197
0.304658241
0.302473986
0.299002673
0.294262609
0.288284581
0.281105536
0.272763042
0.26329099
0.252717
0.241061924
0.228341761
0.214572211
0.199775877
0.183991948
0.167287925
0.149772697
0.131610011
0.113031219
0.094346022
0.075949919
0.058327098
0.042047699
0.027758603
0.016167303
0.010499868
